## sigma, delta_corr, max_memory, min_memory, max_cosine, min_cosine, max_msd,min_msd, max_tortuosity, min_tortuosity
1.000000000000000056e-01 1.000000000000000056e-01 9.216000000000000580e-02 9.600000000000000200e-02 3.591682257372355593e+02 3.592026631796578044e+02 4.197825373087065941e+02 4.198403049906494289e+02 2.063987684782286891e-02 2.063847773276894504e-02
1.900000000000000022e-01 1.000000000000000056e-01 1.027134771639090838e+00 9.600000000000000200e-02 2.826350782766998009e+02 7.811256118347617416e+01 2.922956993755759072e+02 1.079711899200785155e+02 2.502417651652329156e-02 4.011131918988530831e-02
2.800000000000000266e-01 1.000000000000000056e-01 1.848842588950363242e+00 1.199999999999999956e-01 2.842636842384809484e+02 3.885773107222223643e+01 3.002271503700114295e+02 5.608185283312325708e+01 2.609583360238898475e-02 6.131976925383664234e-02
3.699999999999999956e-01 1.000000000000000056e-01 2.944327674199659572e+00 5.159780351999998516e-01 3.159848711825949863e+02 3.263925216714960698e+01 3.463867170147555044e+02 4.354552502603880271e+01 2.610337305036760161e-02 7.153574384241132011e-02
4.599999999999999645e-01 1.000000000000000056e-01 3.833759992447472342e+00 8.916100448255996902e-01 3.048905092143708089e+02 3.381805356309018151e+01 3.381797619820262071e+02 4.291729782489968414e+01 2.857097617376236354e-02 7.202695076302434440e-02
5.499999999999999334e-01 1.000000000000000056e-01 2.985983999999999305e-01 1.727999999999999814e-01 1.000000000000000178e+01 1.000000000000000178e+01 1.758442566801742757e+01 1.706124808883392419e+01 1.373053827861422937e-01 1.399181102112282415e-01
6.400000000000000133e-01 1.000000000000000056e-01 2.985983999999999305e-01 1.727999999999999814e-01 1.000000000000000178e+01 1.000000000000000178e+01 1.255829215878859983e+01 1.210948753568634650e+01 1.652512499183426131e-01 1.680591648582516751e-01
7.299999999999999822e-01 1.000000000000000056e-01 2.985983999999999305e-01 1.727999999999999814e-01 1.000000000000000178e+01 1.000000000000380851e+01 1.032407774426765279e+01 9.968921007734335760e+00 1.931007250954250853e-01 1.962460361873333836e-01
8.199999999999999512e-01 1.000000000000000056e-01 2.985983999999999305e-01 1.727999999999999814e-01 1.000000000000000178e+01 1.000000000000000178e+01 8.118461473912352844e+00 7.695607264381706614e+00 2.200421278811008352e-01 2.231156296897874591e-01
9.099999999999999201e-01 1.000000000000000056e-01 2.985983999999999305e-01 1.727999999999999814e-01 1.000000000000000355e+01 1.000000000000000178e+01 6.931063659566735424e+00 6.501357758446521196e+00 2.454281610358942933e-01 2.481055729101340201e-01
1.000000000000000000e+00 1.000000000000000056e-01 2.985983999999999305e-01 1.727999999999999814e-01 1.000000000000000178e+01 1.000000000000000178e+01 5.848243641235804979e+00 5.606077328844881080e+00 2.697295758415240163e-01 2.726638448209049992e-01
1.000000000000000056e-01 2.900000000000000355e-01 9.216000000000000580e-02 9.600000000000000200e-02 3.463951331697770115e+02 3.464108209166316783e+02 3.804610779771060152e+02 3.805051524842783692e+02 2.130544982254230571e-02 2.130385629367981259e-02
1.900000000000000022e-01 2.900000000000000355e-01 1.183259256928232750e+00 9.600000000000000200e-02 3.132871367295846881e+02 7.462641554559448309e+01 3.226738044323946042e+02 9.996585185953031782e+01 2.378681021090289782e-02 4.144850327274118840e-02
2.800000000000000266e-01 2.900000000000000355e-01 2.129866662470818017e+00 1.199999999999999956e-01 3.191925477373723652e+02 3.733234118047373329e+01 3.439451557108089332e+02 5.309203272168666388e+01 2.450255082258123718e-02 6.346716455942225110e-02
3.699999999999999956e-01 2.900000000000000355e-01 3.067007993957978407e+00 5.159780351999998516e-01 3.169966492090025554e+02 3.097927952065162671e+01 3.471009781589009435e+02 4.122965069802022953e+01 2.622732810738581319e-02 7.410586828135046211e-02
4.599999999999999645e-01 2.900000000000000355e-01 3.833759992447472342e+00 8.916100448255996902e-01 2.922424296573820470e+02 3.158491917167692620e+01 3.177557520725141558e+02 4.073597340845007153e+01 2.944115949697090340e-02 7.458353495495777252e-02
5.499999999999999334e-01 2.900000000000000355e-01 2.985983999999999305e-01 1.727999999999999814e-01 1.000000000000037126e+01 1.000000000000000178e+01 1.659900960257727576e+01 1.617733523299168041e+01 1.421806536831636825e-01 1.447719466170526159e-01
6.400000000000000133e-01 2.900000000000000355e-01 2.985983999999999305e-01 1.727999999999999814e-01 1.000000000000000178e+01 1.000000000000000178e+01 1.173902716790833267e+01 1.131360862401471756e+01 1.705561449550093145e-01 1.735376301256181253e-01
7.299999999999999822e-01 2.900000000000000355e-01 2.985983999999999305e-01 1.727999999999999814e-01 1.000000000000000178e+01 1.000000000000000178e+01 9.545032173155446387e+00 9.344598238615745345e+00 1.986664925681980165e-01 2.017447874538976782e-01
8.199999999999999512e-01 2.900000000000000355e-01 2.985983999999999305e-01 1.727999999999999814e-01 1.000000000000000178e+01 1.000000000000000178e+01 7.414671748254527017e+00 7.700690164133467519e+00 2.259088573789528043e-01 2.286153983689047375e-01
9.099999999999999201e-01 2.900000000000000355e-01 2.985983999999999305e-01 1.727999999999999814e-01 1.000000000000000178e+01 1.000000000000000178e+01 6.368730496876332303e+00 6.189795206351561774e+00 2.503622411112851331e-01 2.530944190976223140e-01
1.000000000000000000e+00 2.900000000000000355e-01 2.985983999999999305e-01 1.727999999999999814e-01 1.000000000000000178e+01 1.000000000000000178e+01 5.789109760745254185e+00 5.609620841911871381e+00 2.745928290219974421e-01 2.771701894809180944e-01
1.000000000000000056e-01 4.799999999999999822e-01 1.151999999999999968e-01 9.600000000000000200e-02 3.072417972506257797e+02 3.072927793231152123e+02 3.218943003179463176e+02 3.219397763568325672e+02 2.338130479264566297e-02 2.337963754677889819e-02
1.900000000000000022e-01 4.799999999999999822e-01 1.283918464548863492e+00 1.199999999999999956e-01 2.900580888815773051e+02 6.386208500789974352e+01 2.995553153536202444e+02 8.389696804398512597e+01 2.480688084826185302e-02 4.564078913258937109e-02
2.800000000000000266e-01 4.799999999999999822e-01 2.218611106740435712e+00 1.199999999999999956e-01 2.910729829528948471e+02 3.335598226145834388e+01 3.047031262825955196e+02 4.418056442490806290e+01 2.610250943446201788e-02 7.024457909254877563e-02
3.699999999999999956e-01 4.799999999999999822e-01 3.194799993706227248e+00 7.430083706879997418e-01 2.892367269671830741e+02 3.448785240460073709e+01 3.087210157144676828e+02 4.528854600441253098e+01 2.794819067031227913e-02 7.002860791067899715e-02
4.599999999999999645e-01 4.799999999999999822e-01 4.600511990936966278e+00 1.069932053790719539e+00 3.195991261060746638e+02 3.195029336492497762e+01 3.542598649295375139e+02 4.132254208913424520e+01 2.910881121476549538e-02 7.394444312438785971e-02
5.499999999999999334e-01 4.799999999999999822e-01 2.985983999999999305e-01 1.727999999999999814e-01 1.000000000000000178e+01 1.000000000000110489e+01 1.410013818417825782e+01 1.364959974842258994e+01 1.563714027724645295e-01 1.591535991143909756e-01
6.400000000000000133e-01 4.799999999999999822e-01 2.985983999999999305e-01 1.727999999999999814e-01 1.000000000000843414e+01 1.000000000000383515e+01 9.964827350021316477e+00 9.871880872023202969e+00 1.861942360276821473e-01 1.892235925140152153e-01
7.299999999999999822e-01 4.799999999999999822e-01 2.985983999999999305e-01 1.727999999999999814e-01 1.000000000000000178e+01 1.000000000000000178e+01 8.410589343725858313e+00 8.050969357512627766e+00 2.143690669255171877e-01 2.172407597042117222e-01
8.199999999999999512e-01 4.799999999999999822e-01 2.985983999999999305e-01 1.727999999999999814e-01 1.000000000000000178e+01 1.000000000000000178e+01 6.731833178648388483e+00 6.457559420138621498e+00 2.397178317997426533e-01 2.423633841264370981e-01
9.099999999999999201e-01 4.799999999999999822e-01 2.985983999999999305e-01 1.727999999999999814e-01 1.000000000000000178e+01 1.000000000000000178e+01 5.946386240613373175e+00 6.014412010304033274e+00 2.641121050025613259e-01 2.668544621672173101e-01
1.000000000000000000e+00 4.799999999999999822e-01 2.985983999999999305e-01 1.727999999999999814e-01 1.000000000000000178e+01 1.000000000000000178e+01 5.753161538527350238e+00 5.663611604275010869e+00 2.869792785671646529e-01 2.899718295789966982e-01
1.000000000000000056e-01 6.700000000000000400e-01 4.127824281599999368e-01 9.600000000000000200e-02 2.997676002140532887e+02 2.533290524420612257e+02 3.152405314050309357e+02 2.663628089429685701e+02 2.359908945973676619e-02 2.589046485219725913e-02
1.900000000000000022e-01 6.700000000000000400e-01 1.540702157458636146e+00 1.199999999999999956e-01 3.030811206904434698e+02 5.654722823179658775e+01 3.111036534258242341e+02 6.868877217503626298e+01 2.442339254625369716e-02 5.075206874929992507e-02
2.800000000000000266e-01 6.700000000000000400e-01 2.662333328088522855e+00 3.583180799999999278e-01 3.115707050977683821e+02 3.022399870856846249e+01 3.327881131474797485e+02 4.107478085479747421e+01 2.553696594206236389e-02 7.326970376218833181e-02
3.699999999999999956e-01 6.700000000000000400e-01 3.833759992447472342e+00 8.916100448255996902e-01 3.130377510684532467e+02 3.353300380785788803e+01 3.396510194020483482e+02 4.454583326686882572e+01 2.757410352324740632e-02 7.085746773443024615e-02
4.599999999999999645e-01 6.700000000000000400e-01 2.985983999999999305e-01 1.727999999999999814e-01 1.000000000000000178e+01 1.000000000000000178e+01 1.726152658096573589e+01 1.649623725823215281e+01 1.406346206708634083e-01 1.431939205653346425e-01
5.499999999999999334e-01 6.700000000000000400e-01 2.985983999999999305e-01 1.727999999999999814e-01 1.000000000000000178e+01 1.000000000000000178e+01 1.109318777945935075e+01 1.069484805332902866e+01 1.724845767653063744e-01 1.753450565216551071e-01
6.400000000000000133e-01 6.700000000000000400e-01 2.985983999999999305e-01 1.727999999999999814e-01 1.000000000000000178e+01 1.000000000000000178e+01 9.289949803743935419e+00 9.159161493458428893e+00 2.022696099965248795e-01 2.050949846847288649e-01
7.299999999999999822e-01 6.700000000000000400e-01 2.985983999999999305e-01 1.727999999999999814e-01 1.000000000000000178e+01 1.000000000000000178e+01 7.078586338197540684e+00 6.840557990815919531e+00 2.289682165237295619e-01 2.315410160021565966e-01
8.199999999999999512e-01 6.700000000000000400e-01 2.985983999999999305e-01 1.727999999999999814e-01 1.000000000000000178e+01 1.000000000000000178e+01 5.876583749910071042e+00 6.268492591631253497e+00 2.535418424043898167e-01 2.561845386152920012e-01
9.099999999999999201e-01 6.700000000000000400e-01 2.985983999999999305e-01 1.727999999999999814e-01 1.000000000000000178e+01 1.000000000000000178e+01 5.974075056766810832e+00 6.163505706991559308e+00 2.767940362970741086e-01 2.794657524799603054e-01
1.000000000000000000e+00 6.700000000000000400e-01 2.985983999999999305e-01 1.727999999999999814e-01 1.000000000000000178e+01 1.000000000000000178e+01 5.750959478714107398e+00 5.580690789245054795e+00 2.988227549188935406e-01 3.015039697305054722e-01
1.000000000000000056e-01 8.599999999999999867e-01 5.944066965503999045e-01 9.600000000000000200e-02 3.126568581513141680e+02 1.914792572977814586e+02 3.271116063635493560e+02 2.162765979183516265e+02 2.312924508300540083e-02 2.838439961148930823e-02
1.900000000000000022e-01 8.599999999999999867e-01 1.774888885392348792e+00 1.199999999999999956e-01 3.078985081592949768e+02 4.720390594740540280e+01 3.160755715744456893e+02 5.914133557846026434e+01 2.434749458275231593e-02 5.587235343889740413e-02
2.800000000000000266e-01 8.599999999999999867e-01 2.944327674199659572e+00 5.159780351999998516e-01 3.056862305343254889e+02 3.005982966001854706e+01 3.252766926984218685e+02 4.106002057904429847e+01 2.613268189440057232e-02 7.318661481684494985e-02
3.699999999999999956e-01 8.599999999999999867e-01 4.239831850847508576e+00 1.069932053790719539e+00 3.096807361813782791e+02 3.444780507410736448e+01 3.360849300105736006e+02 4.553371308105609927e+01 2.840381553784532276e-02 7.005088495524139369e-02
4.599999999999999645e-01 8.599999999999999867e-01 2.985983999999999305e-01 1.727999999999999814e-01 1.000000000000000178e+01 1.000000000000720668e+01 1.411808493313024293e+01 1.345723656889279418e+01 1.540883724510078157e-01 1.567608916498340610e-01
5.499999999999999334e-01 8.599999999999999867e-01 2.985983999999999305e-01 1.727999999999999814e-01 1.000000000000000178e+01 1.000000000000000178e+01 9.420329536410491755e+00 9.024109167142684740e+00 1.868280896294060023e-01 1.897069108405097793e-01
6.400000000000000133e-01 8.599999999999999867e-01 2.985983999999999305e-01 1.727999999999999814e-01 1.000000000000000178e+01 1.000000000000000355e+01 8.084250419899495554e+00 7.665735342111213768e+00 2.146647286144108546e-01 2.174755308234494755e-01
7.299999999999999822e-01 8.599999999999999867e-01 2.985983999999999305e-01 1.727999999999999814e-01 1.000000000000000178e+01 1.000000000000000178e+01 6.419995851599023418e+00 6.407712358577978051e+00 2.404309557384863294e-01 2.430133829446466942e-01
8.199999999999999512e-01 8.599999999999999867e-01 2.985983999999999305e-01 1.727999999999999814e-01 1.000000000000000178e+01 1.000000000000000178e+01 5.934670531953641692e+00 5.948103154789884606e+00 2.639956865542639752e-01 2.667029543848830064e-01
9.099999999999999201e-01 8.599999999999999867e-01 2.985983999999999305e-01 1.727999999999999814e-01 1.000000000000000178e+01 1.000000000000000178e+01 5.782664951181291535e+00 5.827886336363471642e+00 2.862946366440169976e-01 2.887721718539416060e-01
1.000000000000000000e+00 8.599999999999999867e-01 2.985983999999999305e-01 1.727999999999999814e-01 1.000000000000000178e+01 1.000000000000000178e+01 5.137110778445491910e+00 5.140128276226899828e+00 3.086205662264415173e-01 3.111047893023642930e-01
1.000000000000000056e-01 1.050000000000000044e+00 7.132880358604798410e-01 9.600000000000000200e-02 3.072910157366947033e+02 1.367041192641221699e+02 3.221936461156721521e+02 1.803208191510517224e+02 2.321487423122503557e-02 3.073426246960941910e-02
1.900000000000000022e-01 1.050000000000000044e+00 2.044671995971985456e+00 1.199999999999999956e-01 3.186603762481195758e+02 3.845948825101608293e+01 3.299089361357703751e+02 5.507459152487593457e+01 2.392219505756357570e-02 6.076421230076534119e-02
2.800000000000000266e-01 1.050000000000000044e+00 3.194799993706227248e+00 7.430083706879997418e-01 2.985600148350722520e+02 3.493890837849559006e+01 3.155457011306363597e+02 4.632499331359387895e+01 2.675371617169679944e-02 6.803996274808821187e-02
3.699999999999999956e-01 1.050000000000000044e+00 4.600511990936966278e+00 1.283918464548863492e+00 3.036207780741715396e+02 3.674252291985873597e+01 3.293205848414716570e+02 4.845242402220177524e+01 2.924317974472645520e-02 6.763383455745333728e-02
4.599999999999999645e-01 1.050000000000000044e+00 2.985983999999999305e-01 1.727999999999999814e-01 1.000000000000000178e+01 1.000000000000000178e+01 1.112413772368448761e+01 1.068901900342303790e+01 1.658041968876055039e-01 1.684273843275879701e-01
5.499999999999999334e-01 1.050000000000000044e+00 2.985983999999999305e-01 1.727999999999999814e-01 1.000000000000000178e+01 1.000000000000000178e+01 8.672867408168542624e+00 8.446025100179410217e+00 1.980230336029192850e-01 2.005254593837015320e-01
6.400000000000000133e-01 1.050000000000000044e+00 2.985983999999999305e-01 1.727999999999999814e-01 1.000000000000000178e+01 1.000000000000000178e+01 7.190659717648166804e+00 7.101104912975184646e+00 2.251170264352462258e-01 2.277629279226763837e-01
7.299999999999999822e-01 1.050000000000000044e+00 2.985983999999999305e-01 1.727999999999999814e-01 1.000000000000000178e+01 1.000000000000000178e+01 6.407346196416002115e+00 5.998250901389818424e+00 2.493438200996214160e-01 2.520055524511893852e-01
8.199999999999999512e-01 1.050000000000000044e+00 2.985983999999999305e-01 1.727999999999999814e-01 1.000000000000000178e+01 1.000000000000000178e+01 5.953532063081393488e+00 5.520832159129536620e+00 2.716327190177655337e-01 2.744854865329752203e-01
9.099999999999999201e-01 1.050000000000000044e+00 nan nan nan nan nan nan nan nan
1.000000000000000000e+00 1.050000000000000044e+00 nan nan nan nan nan nan nan nan
1.000000000000000056e-01 1.240000000000000213e+00 8.559456430325758092e-01 9.600000000000000200e-02 3.164096705735680644e+02 1.088785352296890352e+02 3.323230571835989053e+02 1.551227679343205921e+02 2.276168937903477740e-02 3.292557612192636984e-02
1.900000000000000022e-01 1.240000000000000213e+00 2.218611106740435712e+00 1.199999999999999956e-01 3.153930243832691644e+02 3.469030220670057219e+01 3.238007691286406953e+02 4.880852872866118730e+01 2.419276838027717424e-02 6.534392742048455993e-02
2.800000000000000266e-01 1.240000000000000213e+00 3.680409592749573466e+00 8.916100448255996902e-01 3.198156790194797736e+02 3.587093822958377842e+01 3.462393796157547854e+02 4.798143846790898692e+01 2.615118597715519744e-02 6.631111629288899412e-02
3.699999999999999956e-01 1.240000000000000213e+00 2.985983999999999305e-01 1.727999999999999814e-01 1.000000000009672618e+01 1.000000000000003908e+01 1.760909244286123965e+01 1.684931116342112034e+01 1.391752994446624481e-01 1.417111610132425481e-01
4.599999999999999645e-01 1.240000000000000213e+00 2.985983999999999305e-01 1.727999999999999814e-01 1.000000000000000178e+01 1.000000000000000178e+01 1.052551052857249481e+01 1.012404585757965059e+01 1.752301331927031691e-01 1.781943301493698062e-01
5.499999999999999334e-01 1.240000000000000213e+00 2.985983999999999305e-01 1.727999999999999814e-01 1.000000000000000178e+01 1.000000000000000178e+01 8.222300708950250225e+00 7.984342308052273296e+00 2.059218899220190968e-01 2.081430127570808031e-01
6.400000000000000133e-01 1.240000000000000213e+00 2.985983999999999305e-01 1.727999999999999814e-01 1.000000000000000178e+01 1.000000000000000178e+01 7.088470352614769432e+00 6.598417080728733453e+00 2.323141086370416608e-01 2.348434876102419855e-01
7.299999999999999822e-01 1.240000000000000213e+00 2.985983999999999305e-01 1.727999999999999814e-01 1.000000000000000178e+01 1.000000000000000178e+01 6.751479951568384763e+00 6.498983811691103618e+00 2.561646740251639076e-01 2.587927689497040995e-01
8.199999999999999512e-01 1.240000000000000213e+00 2.985983999999999305e-01 1.727999999999999814e-01 1.000000000000000178e+01 1.000000000000000178e+01 5.728045753177607224e+00 5.439737156719426814e+00 2.786810585002729712e-01 2.813083822661238687e-01
9.099999999999999201e-01 1.240000000000000213e+00 nan nan nan nan nan nan nan nan
1.000000000000000000e+00 1.240000000000000213e+00 nan nan nan nan nan nan nan nan
1.000000000000000056e-01 1.430000000000000160e+00 9.466074055425861555e-01 9.600000000000000200e-02 3.111754716286214943e+02 9.320995318366411198e+01 3.247043750424106179e+02 1.329331183056467580e+02 2.288915448317274670e-02 3.498650686897255419e-02
1.900000000000000022e-01 1.430000000000000160e+00 2.355462139359727480e+00 1.199999999999999956e-01 3.070222966806393288e+02 3.176497416487262981e+01 3.142456041029193443e+02 4.368594753239362660e+01 2.460671336295650047e-02 6.965062707297520195e-02
2.800000000000000266e-01 1.430000000000000160e+00 3.833759992447472342e+00 8.916100448255996902e-01 3.075257053965012233e+02 3.160612080243557998e+01 3.268161404901415494e+02 4.297045067872249291e+01 2.696172663885036333e-02 7.057900308413370127e-02
3.699999999999999956e-01 1.430000000000000160e+00 2.985983999999999305e-01 1.727999999999999814e-01 1.000000000003813483e+01 1.000000000001025136e+01 1.605151775230050148e+01 1.529633913154714797e+01 1.473365261926715686e-01 1.499073224395119919e-01
4.599999999999999645e-01 1.430000000000000160e+00 2.985983999999999305e-01 1.727999999999999814e-01 1.000000000001253753e+01 1.000000000000947509e+01 9.631344026322112839e+00 9.222581666077731555e+00 1.834860252530401414e-01 1.860624668657017144e-01
5.499999999999999334e-01 1.430000000000000160e+00 2.985983999999999305e-01 1.727999999999999814e-01 1.000000000000000178e+01 1.000000000000000178e+01 8.236240481767264754e+00 7.924784015250572189e+00 2.122457964960097199e-01 2.147661940349526732e-01
6.400000000000000133e-01 1.430000000000000160e+00 2.985983999999999305e-01 1.727999999999999814e-01 1.000000000000000178e+01 1.000000000000000178e+01 7.021451674604740845e+00 7.207451769578565148e+00 2.377711631510208701e-01 2.404307818255838614e-01
7.299999999999999822e-01 1.430000000000000160e+00 2.985983999999999305e-01 1.727999999999999814e-01 1.000000000000000178e+01 1.000000000000000178e+01 6.269941209365313739e+00 6.206177136656069848e+00 2.619236686497170563e-01 2.645315025796783903e-01
8.199999999999999512e-01 1.430000000000000160e+00 nan nan nan nan nan nan nan nan
9.099999999999999201e-01 1.430000000000000160e+00 nan nan nan nan nan nan nan nan
1.000000000000000000e+00 1.430000000000000160e+00 nan nan nan nan nan nan nan nan
1.000000000000000056e-01 1.620000000000000107e+00 1.027134771639090838e+00 9.600000000000000200e-02 3.030550251691533958e+02 8.531561581021642837e+01 3.174453056420796315e+02 1.187485142979112709e+02 2.301348083933441729e-02 3.691340741224778677e-02
1.900000000000000022e-01 1.620000000000000107e+00 2.555839994964982154e+00 2.985983999999999305e-01 3.116004674724586607e+02 3.001185646084518410e+01 3.196509067741892522e+02 4.356386994501913534e+01 2.447085730775533374e-02 7.088069745659614229e-02
2.800000000000000266e-01 1.620000000000000107e+00 3.833759992447472342e+00 1.069932053790719539e+00 2.814385003690476879e+02 3.440190540993452828e+01 2.990302428708731100e+02 4.708773256665532614e+01 2.826332840156531301e-02 6.675342765865982519e-02
3.699999999999999956e-01 1.620000000000000107e+00 2.985983999999999305e-01 1.727999999999999814e-01 1.000000000000037481e+01 1.000000000000019362e+01 1.336328404845479589e+01 1.309489391590642171e+01 1.543471489898207150e-01 1.569002461372026869e-01
4.599999999999999645e-01 1.620000000000000107e+00 2.985983999999999305e-01 1.727999999999999814e-01 1.000000000000000178e+01 1.000000000000000178e+01 9.644236779229929724e+00 9.421291865585315506e+00 1.896784126565201622e-01 1.921550984918202198e-01
5.499999999999999334e-01 1.620000000000000107e+00 2.985983999999999305e-01 1.727999999999999814e-01 1.000000000000000178e+01 1.000000000000000533e+01 7.615856416681318741e+00 7.387075843227027150e+00 2.174414613079887482e-01 2.201540470827187956e-01
6.400000000000000133e-01 1.620000000000000107e+00 2.985983999999999305e-01 1.727999999999999814e-01 1.000000000000000178e+01 1.000000000000000178e+01 6.738759642925278293e+00 6.949165114529820997e+00 2.426005499326999715e-01 2.452322740238828125e-01
7.299999999999999822e-01 1.620000000000000107e+00 2.985983999999999305e-01 1.727999999999999814e-01 1.000000000000000178e+01 1.000000000000000178e+01 5.797272452050191482e+00 5.698399025203693569e+00 2.663196577945783350e-01 2.688402522760613422e-01
8.199999999999999512e-01 1.620000000000000107e+00 nan nan nan nan nan nan nan nan
9.099999999999999201e-01 1.620000000000000107e+00 nan nan nan nan nan nan nan nan
1.000000000000000000e+00 1.620000000000000107e+00 nan nan nan nan nan nan nan nan
1.000000000000000056e-01 1.810000000000000053e+00 1.135928886651103475e+00 9.600000000000000200e-02 3.090813915533086060e+02 7.752580879500804656e+01 3.234648179010188755e+02 1.050723487468514321e+02 2.270231329262906161e-02 3.868698406621165486e-02
1.900000000000000022e-01 1.810000000000000053e+00 2.662333328088522855e+00 4.299816959999999133e-01 3.012626985389454148e+02 3.100484734764161487e+01 3.077711536561434400e+02 4.300399396205957459e+01 2.486197773266474176e-02 6.917419486198261858e-02
2.800000000000000266e-01 1.810000000000000053e+00 4.416491511299487804e+00 1.069932053790719539e+00 3.140957403051823462e+02 3.153520469764406897e+01 3.376335223109662707e+02 4.300508176397479332e+01 2.713976905521575667e-02 7.000271649839502619e-02
3.699999999999999956e-01 1.810000000000000053e+00 2.985983999999999305e-01 1.727999999999999814e-01 1.000000000000012967e+01 1.000000000000000178e+01 1.267137467383316007e+01 1.216299164998385685e+01 1.603402031362239633e-01 1.629290251084832275e-01
4.599999999999999645e-01 1.810000000000000053e+00 2.985983999999999305e-01 1.727999999999999814e-01 1.000000000000000178e+01 1.000000000000000178e+01 9.382561751596465882e+00 9.348765327029850525e+00 1.948734456760784495e-01 1.971585578602476074e-01
5.499999999999999334e-01 1.810000000000000053e+00 2.985983999999999305e-01 1.727999999999999814e-01 1.000000000000000178e+01 1.000000000000000355e+01 8.044658543085319025e+00 7.783218155158375673e+00 2.215166562525927862e-01 2.238269394174421389e-01
6.400000000000000133e-01 1.810000000000000053e+00 2.985983999999999305e-01 1.727999999999999814e-01 1.000000000000000178e+01 1.000000000000000178e+01 7.009891519381482361e+00 6.725251422363631271e+00 2.465531007461789770e-01 2.491754987862256909e-01
7.299999999999999822e-01 1.810000000000000053e+00 2.985983999999999305e-01 1.727999999999999814e-01 1.000000000000000178e+01 1.000000000000000178e+01 5.664330699728950869e+00 5.766443044749725466e+00 2.699503353301176967e-01 2.718798043857802993e-01
8.199999999999999512e-01 1.810000000000000053e+00 nan nan nan nan nan nan nan nan
9.099999999999999201e-01 1.810000000000000053e+00 nan nan nan nan nan nan nan nan
1.000000000000000000e+00 1.810000000000000053e+00 nan nan nan nan nan nan nan nan
1.000000000000000056e-01 2.000000000000000000e+00 1.232561725966909050e+00 9.600000000000000200e-02 3.115562848325811842e+02 7.391389769556505485e+01 3.260940262468225228e+02 9.515620517902519282e+01 2.248781767062413284e-02 4.034321317248501515e-02
1.900000000000000022e-01 2.000000000000000000e+00 2.944327674199659572e+00 5.159780351999998516e-01 3.190117541220825501e+02 3.108688479047665965e+01 3.296614993914135994e+02 4.284512528131828901e+01 2.413574177166220511e-02 6.823004650119313119e-02
2.800000000000000266e-01 2.000000000000000000e+00 4.600511990936966278e+00 1.283918464548863492e+00 3.095049351290107893e+02 3.509633987006117906e+01 3.305083395280616969e+02 4.884007646865161689e+01 2.747937771659952205e-02 6.477874471430411507e-02
3.699999999999999956e-01 2.000000000000000000e+00 2.985983999999999305e-01 1.727999999999999814e-01 1.000000000000000178e+01 1.000000000000000178e+01 1.126098156716206766e+01 1.081321820027824820e+01 1.654972802490697892e-01 1.680353933341985906e-01
4.599999999999999645e-01 2.000000000000000000e+00 2.985983999999999305e-01 1.727999999999999814e-01 1.000000000000000178e+01 1.000000000000000178e+01 9.557895610343726034e+00 9.872645266903276706e+00 1.988004792735050819e-01 2.007549807804202557e-01
5.499999999999999334e-01 2.000000000000000000e+00 2.985983999999999305e-01 1.727999999999999814e-01 1.000000000001613820e+01 1.000000000000000178e+01 7.969980733926354866e+00 7.757781469896981363e+00 2.251110138660484539e-01 2.274712054271724737e-01
6.400000000000000133e-01 2.000000000000000000e+00 2.985983999999999305e-01 1.727999999999999814e-01 1.000000000000000178e+01 1.000000000000000178e+01 6.500097446748628549e+00 6.339923801790655844e+00 2.498729671892587767e-01 2.521674730582950108e-01
7.299999999999999822e-01 2.000000000000000000e+00 2.985983999999999305e-01 1.727999999999999814e-01 1.000000000000000178e+01 1.000000000000000178e+01 5.782199280530608831e+00 5.697211034455258449e+00 2.721866128437113730e-01 2.750438880874407355e-01
8.199999999999999512e-01 2.000000000000000000e+00 nan nan nan nan nan nan nan nan
9.099999999999999201e-01 2.000000000000000000e+00 nan nan nan nan nan nan nan nan
1.000000000000000000e+00 2.000000000000000000e+00 nan nan nan nan nan nan nan nan
